P([0,0,0,0,0]) = 0.058537
P([0,0,0,0,1]) = 0.014634
P([0,0,0,0,2]) = 0.004878
P([0,0,0,0,3]) = 0.009756
P([0,0,0,1,0]) = 0.019512
P([0,0,0,1,1]) = 0.039024
P([0,0,0,1,2]) = 0.004878
P([0,0,0,1,3]) = 0.039024
P([0,0,1,0,0]) = 0.004878
P([0,0,1,0,2]) = 0.039024
P([0,0,1,0,3]) = 0.004878
P([0,0,1,1,2]) = 0.029268
P([0,0,1,1,3]) = 0.009756
P([0,1,0,0,0]) = 0.014634
P([0,1,0,0,1]) = 0.009756
P([0,1,0,0,2]) = 0.009756
P([0,1,0,0,3]) = 0.043902
P([0,1,0,1,0]) = 0.004878
P([0,1,0,1,1]) = 0.039024
P([0,1,0,1,2]) = 0.034146
P([0,1,0,1,3]) = 0.024390
P([0,1,1,0,1]) = 0.004878
P([0,1,1,0,2]) = 0.009756
P([0,1,1,0,3]) = 0.039024
P([0,1,1,1,1]) = 0.043902
P([0,1,1,1,3]) = 0.009756
P([1,0,0,0,0]) = 0.024390
P([1,0,0,0,1]) = 0.004878
P([1,0,0,0,2]) = 0.034146
P([1,0,0,0,3]) = 0.009756
P([1,0,0,1,0]) = 0.009756
P([1,0,0,1,1]) = 0.014634
P([1,0,0,1,2]) = 0.043902
P([1,0,0,1,3]) = 0.004878
P([1,0,1,0,0]) = 0.009756
P([1,0,1,0,1]) = 0.029268
P([1,0,1,0,2]) = 0.043902
P([1,0,1,0,3]) = 0.009756
P([1,0,1,1,0]) = 0.004878
P([1,0,1,1,1]) = 0.029268
P([1,0,1,1,2]) = 0.009756
P([1,1,0,0,0]) = 0.009756
P([1,1,0,0,2]) = 0.029268
P([1,1,0,0,3]) = 0.014634
P([1,1,0,1,1]) = 0.004878
P([1,1,0,1,2]) = 0.024390
P([1,1,0,1,3]) = 0.004878
P([1,1,1,0,1]) = 0.029268
P([1,1,1,0,3]) = 0.009756
P([1,1,1,1,1]) = 0.019512
P([1,1,1,1,2]) = 0.004878
